Classification Report Final (após todas as épocas):
              precision    recall  f1-score   support

   n01498041       0.00      0.00      0.00        15
   n01531178       0.00      0.00      0.00        19
   n01534433       0.00      0.00      0.00        14
   n01558993       0.00      0.00      0.00        23
   n01580077       0.00      0.00      0.00         9
   n01614925       0.00      0.00      0.00        19
   n01616318       0.00      0.00      0.00        20
   n01631663       0.00      0.00      0.00         4
   n01641577       0.09      0.04      0.06        23
   n01669191       0.02      0.30      0.03        10
   n01677366       0.03      0.06      0.04        17
   n01687978       0.20      0.07      0.10        15
   n01694178       0.00      0.00      0.00        17
   n01698640       0.00      0.00      0.00        16
   n01735189       1.00      0.05      0.09        21
   n01770081       0.00      0.00      0.00        13
   n01770393       0.00      0.00      0.00        22
   n01774750       0.00      0.00      0.00         4
   n01784675       0.00      0.00      0.00        14
   n01819313       0.00      0.00      0.00        12
   n01820546       0.03      0.29      0.06        17
   n01833805       0.00      0.00      0.00        17
   n01843383       0.10      0.09      0.10        11
   n01847000       0.00      0.00      0.00        16
   n01855672       0.00      0.00      0.00        21
   n01882714       0.00      0.00      0.00         8
   n01910747       0.20      0.13      0.16        15
   n01914609       0.13      0.28      0.18        18
   n01924916       0.06      0.28      0.10        18
   n01944390       0.00      0.00      0.00        21
   n01985128       0.00      0.00      0.00        18
   n01986214       0.00      0.00      0.00         4
   n02007558       0.09      0.91      0.16        11
   n02009912       0.11      0.11      0.11        18
   n02037110       0.00      0.00      0.00         1
   n02051845       0.00      0.00      0.00        11
   n02077923       0.00      0.00      0.00         9
   n02085620       0.00      0.00      0.00         9
   n02099601       0.00      0.00      0.00         3
   n02106550       0.00      0.00      0.00         8
   n02106662       0.00      0.00      0.00         3
   n02110958       0.00      0.00      0.00         6
   n02119022       0.00      0.00      0.00        16
   n02123394       0.00      0.00      0.00        17
   n02127052       0.09      0.16      0.12        19
   n02129165       0.00      0.00      0.00         9
   n02133161       0.00      0.00      0.00         7
   n02137549       0.00      0.00      0.00        12
   n02165456       0.00      0.00      0.00        18
   n02174001       0.00      0.00      0.00         2
   n02177972       0.00      0.00      0.00         1
   n02190166       0.00      0.00      0.00        16
   n02206856       0.02      0.05      0.02        21
   n02219486       0.00      0.00      0.00        13
   n02226429       0.17      0.05      0.08        20
   n02231487       0.09      0.15      0.11        13
   n02233338       0.00      0.00      0.00        16
   n02236044       0.00      0.00      0.00        23
   n02259212       0.00      0.00      0.00         8
   n02268443       0.00      0.00      0.00        18
   n02279972       0.00      0.00      0.00        18
   n02280649       0.00      0.00      0.00        14
   n02281787       0.07      0.05      0.06        19
   n02317335       0.00      0.00      0.00         5
   n02325366       0.00      0.00      0.00        14
   n02346627       0.00      0.00      0.00        11
   n02356798       0.02      0.04      0.03        26
   n02361337       0.00      0.00      0.00         6
   n02410509       0.00      0.00      0.00         1
   n02445715       0.00      0.00      0.00        14
   n02454379       0.00      0.00      0.00         8
   n02486410       0.00      0.00      0.00         1
   n02492035       0.00      0.00      0.00         2
   n02504458       0.00      0.00      0.00         4
   n02655020       0.00      0.00      0.00         8
   n02669723       0.00      0.00      0.00         4
   n02672831       0.00      0.00      0.00         1
   n02676566       0.00      0.00      0.00         3
   n02690373       0.00      0.00      0.00         4
   n02701002       0.00      0.00      0.00         2
   n02730930       0.00      0.00      0.00         5
   n02777292       0.00      0.00      0.00        11
   n02782093       0.00      0.00      0.00         5
   n02787622       0.00      0.00      0.00         2
   n02793495       0.00      0.00      0.00         4
   n02797295       0.00      0.00      0.00         6
   n02802426       0.00      0.00      0.00         9
   n02814860       0.00      0.00      0.00         5
   n02815834       0.00      0.00      0.00         1
   n02837789       0.00      0.00      0.00         5
   n02879718       0.00      0.00      0.00         5
   n02883205       0.00      0.00      0.00         2
   n02895154       0.00      0.00      0.00         1
   n02906734       0.00      0.00      0.00         5
   n02948072       0.00      0.00      0.00        13
   n02951358       0.00      0.00      0.00         2
   n02980441       0.00      0.00      0.00         4
   n02992211       0.00      0.00      0.00         1
   n02999410       0.00      0.00      0.00        12
   n03014705       0.00      0.00      0.00         4
   n03026506       0.00      0.00      0.00         2
   n03124043       0.00      0.00      0.00        12
   n03125729       0.00      0.00      0.00         3
   n03187595       0.00      0.00      0.00         2
   n03196217       0.00      0.00      0.00         2
   n03223299       0.00      0.00      0.00         1
   n03250847       0.00      0.00      0.00         2
   n03255030       0.00      0.00      0.00         2
   n03291819       0.00      0.00      0.00         7
   n03325584       0.00      0.00      0.00         4
   n03355925       0.00      0.00      0.00         6
   n03384352       0.00      0.00      0.00         3
   n03388043       0.00      0.00      0.00        10
   n03417042       0.00      0.00      0.00         2
   n03443371       0.00      0.00      0.00         2
   n03444034       0.00      0.00      0.00         3
   n03445924       0.00      0.00      0.00         4
   n03452741       0.00      0.00      0.00         2
   n03483316       0.00      0.00      0.00         1
   n03584829       0.00      0.00      0.00         1
   n03590841       0.00      0.00      0.00         6
   n03594945       0.00      0.00      0.00         7
   n03617480       0.00      0.00      0.00         7
   n03666591       0.02      0.33      0.04         9
   n03670208       0.00      0.00      0.00         2
   n03717622       0.00      0.00      0.00         9
   n03720891       0.00      0.00      0.00         1
   n03721384       0.00      0.00      0.00         1
   n03724870       0.00      0.00      0.00         7
   n03775071       0.00      0.00      0.00         7
   n03788195       0.00      0.00      0.00         2
   n03804744       0.00      0.00      0.00         1
   n03837869       0.00      0.00      0.00         6
   n03840681       0.00      0.00      0.00         2
   n03854065       0.00      0.00      0.00         4
   n03888257       0.00      0.00      0.00         1
   n03891332       0.00      0.00      0.00         1
   n03935335       0.00      0.00      0.00         2
   n03982430       0.00      0.00      0.00         6
   n04019541       0.00      0.00      0.00         2
   n04033901       0.00      0.00      0.00         2
   n04039381       0.00      0.00      0.00         3
   n04067472       0.00      0.00      0.00         4
   n04086273       0.00      0.00      0.00         5
   n04099969       0.00      0.00      0.00         4
   n04118538       0.00      0.00      0.00         5
   n04131690       0.00      0.00      0.00         5
   n04133789       0.25      0.10      0.14        10
   n04141076       0.00      0.00      0.00         5
   n04146614       0.00      0.00      0.00         8
   n04147183       0.00      0.00      0.00         2
   n04179913       0.00      0.00      0.00         6
   n04208210       0.00      0.00      0.00         3
   n04235860       0.00      0.00      0.00         2
   n04252077       0.00      0.00      0.00         1
   n04252225       0.00      0.00      0.00         3
   n04254120       0.00      0.00      0.00         2
   n04270147       0.00      0.00      0.00         3
   n04275548       0.00      0.00      0.00         8
   n04310018       0.00      0.00      0.00         4
   n04317175       0.00      0.00      0.00         2
   n04344873       0.00      0.00      0.00        10
   n04347754       0.00      0.00      0.00         2
   n04355338       0.00      0.00      0.00         4
   n04366367       0.00      0.00      0.00         5
   n04376876       0.00      0.00      0.00         4
   n04389033       0.00      0.00      0.00         2
   n04399382       0.07      0.08      0.07        13
   n04442312       0.00      0.00      0.00         5
   n04456115       0.00      0.00      0.00         3
   n04482393       0.00      0.00      0.00         1
   n04507155       0.00      0.00      0.00         7
   n04509417       0.00      0.00      0.00         8
   n04532670       0.00      0.00      0.00         3
   n04540053       0.00      0.00      0.00         1
   n04554684       0.00      0.00      0.00         2
   n04562935       0.00      0.00      0.00         5
   n04591713       0.01      0.17      0.02         6
   n04606251       0.00      0.00      0.00         6
   n07583066       0.00      0.00      0.00         1
   n07695742       0.00      0.00      0.00         1
   n07697313       0.00      0.00      0.00         4
   n07697537       0.00      0.00      0.00         1
   n07714990       0.00      0.00      0.00         2
   n07718472       0.00      0.00      0.00         4
   n07720875       0.17      0.38      0.23         8
   n07734744       0.50      0.05      0.10        19
   n07749582       0.00      0.00      0.00         5
   n07753592       0.00      0.00      0.00         5
   n07760859       0.00      0.00      0.00         1
   n07768694       0.12      0.20      0.15        10
   n07831146       0.00      0.00      0.00         5
   n09229709       0.00      0.00      0.00         9
   n09246464       0.00      0.00      0.00         4
   n09472597       0.00      0.00      0.00         7
   n09835506       0.00      0.00      0.00         3
   n11879895       0.00      0.00      0.00         4
   n12057211       0.00      0.00      0.00         4
   n12144580       0.00      0.00      0.00         5
   n12267677       0.00      0.00      0.00         3

    accuracy                           0.04      1519
   macro avg       0.02      0.02      0.01      1519
weighted avg       0.04      0.04      0.02      1519